8                          0
9                          0
10                         0
11                         0
12                         0
13                         0
14                         0
15                         0
16                         0
17                         0
18                         0
19                         0.000000005395
20                         0.0000000835433
21                         0.000000436632
22                         0.00000187424
23                         0.00000694424
24                         0.000022001
25                         0.000061495
26                         0.000152336
27                         0.00034378
28                         0.000694165
29                         0.00130538
30                         0.00225949
31                         0.00309535
32                         0.00411502
33                         0.00536818
34                         0.00682224
35                         0.00850383
36                         0.0104092
37                         0.0125441
38                         0.0148478
39                         0.0173313
40                         0.0199304
41                         0.0214917
42                         0.0227813
43                         0.0240449
44                         0.0255444
45                         0.0269817
46                         0.0282186
47                         0.0293759
48                         0.0304997
49                         0.031492
50                         0.0322572
51                         0.0321277
52                         0.0320604
53                         0.0318673
54                         0.0315387
55                         0.0310961
56                         0.0330575
57                         0.0351615
58                         0.0371144
59                         0.0390019
60                         0.0339491
61                         0.0278433
62                         0.0262156
63                         0.024452
64                         0.0233545
65                         0.0220186
66                         0.0220707
67                         0.0221623
68                         0.0201302
69                         0.0173093
70                         0.0148275
71                         0.0122895
72                         0.011089
73                         0.00963284
74                         0.00835972
75                         0.0072342
76                         0.00587385
77                         0.0042829
78                         0.00279021
79                         0.000561667
80                         0.000024812
81                         0
