8                       0
9                       0
10                      0
11                      0
12                      0
13                      0
14                      0
15                      0
16                      0
17                      0
18                      0
19                      0
20                      0
21                      0
22                      0
23                      0
24                      0
25                      0
26                      0
27                      0
28                      0
29                      0
30                      0
31                      0
32                      0
33                      0
34                      0
35                      0
36                      0
37                      0
38                      0
39                      0
40                      0
41                      0
42                      0
43                      0
44                      0
45                      0
46                      0
47                      0
48                      0
49                      0
50                      0
51                      0.00000000123304
52                      0.00000000354751
53                      0.00000000968309
54                      0.0000000251964
55                      0.0000000625085
56                      0.000000221108
57                      0.00000067489
58                      0.0000018113
59                      0.00000453928
60                      0.00000647794
61                      0.00000599607
62                      0.00000878299
63                      0.0000124358
64                      0.0000191287
65                      0.0000288489
66                      0.0000611211
67                      0.000117913
68                      0.000144541
69                      0.000165759
70                      0.000193207
71                      0.000208792
72                      0.000283209
73                      0.000377836
74                      0.000516718
75                      0.000700514
76                      0.000921326
77                      0.00119455
78                      0.00154158
79                      0.0019472
80                      0.00250572
81                      0.00292512
82                      0.00327757
83                      0.00366979
84                      0.00420361
85                      0.00479437
86                      0.00545843
87                      0.00618692
88                      0.00693012
89                      0.00772648
90                      0.00874145
91                      0.00985938
92                      0.0109518
93                      0.0121422
94                      0.0133163
95                      0.014542
96                      0.0156907
97                      0.0168424
98                      0.0186132
99                      0.0205063
100                     0.0217153
101                     0.0219057
102                     0.0231475
103                     0.0245038
104                     0.024515
105                     0.02442
106                     0.0246655
107                     0.0248716
108                     0.0252668
109                     0.0255428
110                     0.0257581
111                     0.0260123
112                     0.0270225
113                     0.0281191
114                     0.0278406
115                     0.0273236
116                     0.0277606
117                     0.0281144
118                     0.0282985
119                     0.0282685
120                     0.0270486
121                     0.025321
122                     0.0255249
123                     0.0250955
124                     0.0257101
125                     0.0263612
126                     0.0244446
127                     0.0222974
128                     0.00181016
129                     0.0218146
130                     0.000497775
131                     0.0184659
132                     0.00864825
133                     0.00792318
134                     0.00699555
135                     0.0059842
136                     0.0051211
137                     0.0041852
138                     0.00287179
139                     0.00145976
140                     0
141                     0
